T = 353;
Cp = 1.005;
V = 1000;
gamma = 1.325
M = 4.5;


%T0 = T + (V^2 /(2*Cp) );
T0 = T * (1+(gamma-1)/2*M^2)