[A, T, P, D] = StandAtmo1976(0,288.15,101325);
[Ac, Tc, Pc, Dc] = CustomStandAtmo1976(0,288.15,'Dew',101325);
Table  = [-1000.00000000000	294.650000000000	113929.083074094	1.34699584744643
-900.000000000000	294.000000000000	112614.318342730	1.33439492682201
-800.000000000000	293.350000000000	111311.866531468	1.32188438649887
-700.000000000000	292.700000000000	110021.639228394	1.30946377633310
-600.000000000000	292.050000000000	108743.548462420	1.29713264743169
-500.000000000000	291.400000000000	107477.506702058	1.28489055215182
-400.000000000000	290.750000000000	106223.426854195	1.27273704410014
-300.000000000000	290.100000000000	104981.222262867	1.26067167813205
-200.000000000000	289.450000000000	103750.806708036	1.24869401035103
-100.000000000000	288.800000000000	102532.094404367	1.23680359810787
0.00000000000000	288.150000000000	101325.000000000	1.22500000000000
100.000000000000	287.500000000000	100129.438575336	1.21328277587074
200.000000000000	286.850000000000	98945.3256418105	1.20165148680859
300.000000000000	286.200000000000	97772.5771406716	1.19010569514653
400.000000000000	285.550000000000	96611.1094417637	1.17864496446127
500.000000000000	284.900000000000	95460.8393423059	1.16726885957257
600.000000000000	284.250000000000	94321.6840656738	1.15597694654246
700.000000000000	283.600000000000	93193.5612601816	1.14476879267455
800.000000000000	282.950000000000	92076.3889978651	1.13364396651333
900.000000000000	282.300000000000	90970.0857732648	1.12260203784337
1000.00000000000	281.650000000000	89874.5705022106	1.11164257768868
1100.00000000000	281.000000000000	88789.7625206062	1.10076515831191
1200.00000000000	280.350000000000	87715.5815832150	1.08996935321364
1300.00000000000	279.700000000000	86651.9478624466	1.07925473713168
1400.00000000000	279.050000000000	85598.7819471435	1.06862088604029
1500.00000000000	278.400000000000	84556.0048413697	1.05806737714949
1600.00000000000	277.750000000000	83523.5379631978	1.04759378890429
1700.00000000000	277.100000000000	82501.3031434996	1.03719970098395
1800.00000000000	276.450000000000	81489.2226247355	1.02688469430129
1900.00000000000	275.800000000000	80487.2190597452	1.01664835100188
2000.00000000000	275.150000000000	79495.2155105391	1.00649025446339
2100.00000000000	274.500000000000	78513.1354470904	0.996409989294738
2200.00000000000	273.850000000000	77540.9027461282	0.986407141335444
2300.00000000000	273.200000000000	76578.4416899308	0.976481297654833
2400.00000000000	272.550000000000	75625.6769651202	0.966632046551302
2500.00000000000	271.900000000000	74682.5336614574	0.956858977551578
2600.00000000000	271.250000000000	73748.9372706374	0.947161681409958
2700.00000000000	270.600000000000	72824.8136850866	0.937539750107571
2800.00000000000	269.950000000000	71910.0891967597	0.927992776851621
2900.00000000000	269.300000000000	71004.6904959373	0.918520356074634
3000.00000000000	268.650000000000	70108.5446700259	0.909122083433709
3100.00000000000	268.000000000000	69221.5792023556	0.899797555809756
3200.00000000000	267.350000000000	68343.7219709817	0.890546371306744
3300.00000000000	266.700000000000	67474.9012474853	0.881368129250943
3400.00000000000	266.050000000000	66615.0456957744	0.872262430190163
3500.00000000000	265.400000000000	65764.0843708877	0.863228875892998
3600.00000000000	264.750000000000	64921.9467177961	0.854267069348054
3700.00000000000	264.100000000000	64088.5625702079	0.845376614763196
3800.00000000000	263.450000000000	63263.8621493732	0.836557117564779
3900.00000000000	262.800000000000	62447.7760628891	0.827808184396880
4000.00000000000	262.150000000000	61640.2353035060	0.819129423120534
4100.00000000000	261.500000000000	60841.1712479348	0.810520442812965
4200.00000000000	260.850000000000	60050.5156556540	0.801980853766810
4300.00000000000	260.200000000000	59268.2006677190	0.793510267489354
4400.00000000000	259.550000000000	58494.1588055707	0.785108296701753
4500.00000000000	258.900000000000	57728.3229698456	0.776774555338263
4600.00000000000	258.250000000000	56970.6264391868	0.768508658545456
4700.00000000000	257.600000000000	56221.0028690549	0.760310222681450
4800.00000000000	256.950000000000	55479.3862905413	0.752178865315129
4900.00000000000	256.300000000000	54745.7111091798	0.744114205225359
5000.00000000000	255.650000000000	54019.9121037621	0.736115862400210
5100.00000000000	255.000000000000	53301.9244251505	0.728183458036167
5200.00000000000	254.350000000000	52591.6835950951	0.720316614537354
5300.00000000000	253.700000000000	51889.1255050482	0.712514955514738
5400.00000000000	253.050000000000	51194.1864149824	0.704778105785345
5500.00000000000	252.400000000000	50506.8029522078	0.697105691371475
5600.00000000000	251.750000000000	49826.9121101903	0.689497339499904
5700.00000000000	251.100000000000	49154.4512473710	0.681952678601096
5800.00000000000	250.450000000000	48489.3580859860	0.674471338308406
5900.00000000000	249.800000000000	47831.5707108874	0.667052949457290
6000.00000000000	249.150000000000	47181.0275683646	0.659697144084498
6100.00000000000	248.500000000000	46537.6674649669	0.652403555427289
6200.00000000000	247.850000000000	45901.4295663261	0.645171817922619
6300.00000000000	247.200000000000	45272.2533959811	0.638001567206346
6400.00000000000	246.550000000000	44650.0788342018	0.630892440112423
6500.00000000000	245.900000000000	44034.8461168151	0.623844074672097
6600.00000000000	245.250000000000	43426.4958340312	0.616856110113100
6700.00000000000	244.600000000000	42824.9689292701	0.609928186858840
6800.00000000000	243.950000000000	42230.2066979901	0.603059946527598
6900.00000000000	243.300000000000	41642.1507865160	0.596251031931708
7000.00000000000	242.650000000000	41060.7431908684	0.589501087076749
7100.00000000000	242.000000000000	40485.9262555946	0.582809757160730
7200.00000000000	241.350000000000	39917.6426725990	0.576176688573277
7300.00000000000	240.700000000000	39355.8354799751	0.569601528894809
7400.00000000000	240.050000000000	38800.4480608380	0.563083926895724
7500.00000000000	239.400000000000	38251.4241421585	0.556623532535576
7600.00000000000	238.750000000000	37708.7077935963	0.550219996962254
7700.00000000000	238.100000000000	37172.2434263358	0.543872972511155
7800.00000000000	237.450000000000	36641.9757919218	0.537582112704363
7900.00000000000	236.800000000000	36117.8499810960	0.531347072249814
8000.00000000000	236.150000000000	35599.8114226345	0.525167507040474
8100.00000000000	235.500000000000	35087.8058821865	0.519043074153506
8200.00000000000	234.850000000000	34581.7794611126	0.512973431849435
8300.00000000000	234.200000000000	34081.6785953257	0.506958239571316
8400.00000000000	233.550000000000	33587.4500541310	0.500997157943899
8500.00000000000	232.900000000000	33099.0409390677	0.495089848772787
8600.00000000000	232.250000000000	32616.3986827518	0.489235975043601
8700.00000000000	231.600000000000	32139.4710477188	0.483435200921138
8800.00000000000	230.950000000000	31668.2061252681	0.477687191748523
8900.00000000000	230.300000000000	31202.5523343077	0.471991614046373
9000.00000000000	229.650000000000	30742.4584201998	0.466348135511944
9100.00000000000	229.000000000000	30287.8734536077	0.460756425018284
9200.00000000000	228.350000000000	29838.7468293425	0.455216152613385
9300.00000000000	227.700000000000	29395.0282652122	0.449726989519329
9400.00000000000	227.050000000000	28956.6678008698	0.444288608131436
9500.00000000000	226.400000000000	28523.6157966638	0.438900682017405
9600.00000000000	225.750000000000	28095.8229324888	0.433562885916463
9700.00000000000	225.100000000000	27673.2402066366	0.428274895738501
9800.00000000000	224.450000000000	27255.8189346495	0.423036388563214
9900.00000000000	223.800000000000	26843.5107481723	0.417847042639238
10000.0000000000	223.150000000000	26436.2675938076	0.412706537383288
10100.0000000000	222.500000000000	26034.0417319701	0.407614553379288
